1 3.210059e+00 3.002559e+00 2.342841e+00 2.475359e+00 3.285134e+00 2.094742e+00 2.373509e+00 2.380388e+00 3.007241e+00 3.409367e+00 6.722072e+00 
2 3.210059e+00 3.002559e+00 2.342841e+00 2.475359e+00 3.285134e+00 2.094742e+00 2.373509e+00 2.380388e+00 3.007241e+00 3.409367e+00 6.722072e+00 
3 3.210059e+00 3.002559e+00 2.342841e+00 2.475359e+00 3.285134e+00 2.094742e+00 2.373509e+00 2.380388e+00 3.007241e+00 3.409367e+00 6.722072e+00 
4 3.210059e+00 3.002559e+00 2.342841e+00 2.475359e+00 3.285134e+00 2.094742e+00 2.373509e+00 2.380388e+00 3.007241e+00 3.409367e+00 6.722072e+00 
5 3.210059e+00 3.002559e+00 2.342841e+00 2.475359e+00 3.285134e+00 2.094742e+00 2.373509e+00 2.380388e+00 3.007241e+00 3.409367e+00 6.722072e+00 
6 3.210059e+00 3.002559e+00 2.342841e+00 2.475359e+00 3.285134e+00 2.094742e+00 2.373509e+00 2.380388e+00 3.007241e+00 3.409367e+00 6.722072e+00 
7 3.210059e+00 3.002559e+00 2.342841e+00 2.475359e+00 3.285134e+00 2.094742e+00 2.373509e+00 2.380388e+00 3.007241e+00 3.409367e+00 6.722072e+00 
8 3.210059e+00 3.002559e+00 2.342841e+00 2.475359e+00 3.285134e+00 2.094742e+00 2.373509e+00 2.380388e+00 3.007241e+00 3.409367e+00 6.722072e+00 
9 3.210059e+00 3.002559e+00 2.342841e+00 2.475359e+00 3.285134e+00 2.094742e+00 2.373509e+00 2.380388e+00 3.007241e+00 3.409367e+00 6.722072e+00 
10 3.210059e+00 3.002559e+00 2.342841e+00 2.475359e+00 3.285134e+00 2.094742e+00 2.373509e+00 2.380388e+00 3.007241e+00 3.409367e+00 6.722072e+00 
11 3.210059e+00 3.002559e+00 2.342841e+00 2.475359e+00 3.285134e+00 2.094742e+00 2.373509e+00 2.380388e+00 3.007241e+00 3.409367e+00 6.722072e+00 
12 3.210059e+00 3.002559e+00 2.342841e+00 2.475359e+00 3.285134e+00 2.094742e+00 2.373509e+00 2.380388e+00 3.007241e+00 3.409367e+00 6.722072e+00 
13 3.210059e+00 3.002559e+00 2.342841e+00 2.475359e+00 3.285134e+00 2.094742e+00 2.373509e+00 2.380388e+00 3.007241e+00 3.409367e+00 6.722072e+00 
14 3.061450e+00 2.983169e+00 2.209886e+00 2.455067e+00 3.093367e+00 2.144171e+00 2.280755e+00 2.709106e+00 2.845755e+00 2.400000e+00 6.360970e+00 
15 3.061450e+00 2.983169e+00 2.209886e+00 2.455067e+00 3.093367e+00 2.144171e+00 2.280755e+00 2.709106e+00 2.845755e+00 2.400000e+00 6.360970e+00 
16 3.061450e+00 2.983169e+00 2.209886e+00 2.455067e+00 3.093367e+00 2.144171e+00 2.280755e+00 2.709106e+00 2.845755e+00 2.400000e+00 6.360970e+00 
17 3.061450e+00 2.983169e+00 2.209886e+00 2.455067e+00 3.093367e+00 2.144171e+00 2.280755e+00 2.709106e+00 2.845755e+00 2.400000e+00 6.360970e+00 
18 3.061450e+00 2.983169e+00 2.209886e+00 2.455067e+00 3.093367e+00 2.144171e+00 2.280755e+00 2.709106e+00 2.845755e+00 2.400000e+00 6.360970e+00 
19 3.061450e+00 2.983169e+00 2.209886e+00 2.455067e+00 3.093367e+00 2.144171e+00 2.280755e+00 2.709106e+00 2.845755e+00 2.400000e+00 6.360970e+00 
20 3.061450e+00 2.983169e+00 2.209886e+00 2.455067e+00 3.093367e+00 2.144171e+00 2.280755e+00 2.709106e+00 2.845755e+00 2.400000e+00 6.360970e+00 
21 3.061450e+00 2.983169e+00 2.209886e+00 2.455067e+00 3.093367e+00 2.144171e+00 2.280755e+00 2.709106e+00 2.845755e+00 2.400000e+00 6.360970e+00 
22 3.061450e+00 2.983169e+00 2.209886e+00 2.455067e+00 3.093367e+00 2.144171e+00 2.280755e+00 2.709106e+00 2.845755e+00 2.400000e+00 6.360970e+00 
23 3.061450e+00 2.983169e+00 2.209886e+00 2.455067e+00 3.093367e+00 2.144171e+00 2.280755e+00 2.709106e+00 2.845755e+00 2.400000e+00 6.360970e+00 
24 3.061450e+00 2.983169e+00 2.209886e+00 2.455067e+00 3.093367e+00 2.144171e+00 2.280755e+00 2.709106e+00 2.845755e+00 2.400000e+00 6.360970e+00 
25 3.061450e+00 2.983169e+00 2.209886e+00 2.455067e+00 3.093367e+00 2.144171e+00 2.280755e+00 2.709106e+00 2.845755e+00 2.400000e+00 6.360970e+00 
26 3.061450e+00 2.983169e+00 2.209886e+00 2.455067e+00 3.093367e+00 2.144171e+00 2.280755e+00 2.709106e+00 2.845755e+00 2.400000e+00 6.360970e+00 
27 3.061450e+00 2.983169e+00 2.209886e+00 2.455067e+00 3.093367e+00 2.144171e+00 2.280755e+00 2.709106e+00 2.845755e+00 2.400000e+00 6.360970e+00 
28 3.061450e+00 2.983169e+00 2.209886e+00 2.455067e+00 3.093367e+00 2.144171e+00 2.280755e+00 2.709106e+00 2.845755e+00 2.400000e+00 6.360970e+00 
29 3.061450e+00 2.983169e+00 2.209886e+00 2.455067e+00 3.093367e+00 2.144171e+00 2.280755e+00 2.709106e+00 2.845755e+00 2.400000e+00 6.360970e+00 
30 3.061450e+00 2.983169e+00 2.209886e+00 2.455067e+00 3.093367e+00 2.144171e+00 2.280755e+00 2.709106e+00 2.845755e+00 2.400000e+00 6.360970e+00 
31 3.061450e+00 2.983169e+00 2.209886e+00 2.455067e+00 3.093367e+00 2.144171e+00 2.280755e+00 2.709106e+00 2.845755e+00 2.400000e+00 6.360970e+00 
32 3.061450e+00 2.983169e+00 2.209886e+00 2.455067e+00 3.093367e+00 2.144171e+00 2.280755e+00 2.709106e+00 2.845755e+00 2.400000e+00 6.360970e+00 
33 3.061450e+00 2.983169e+00 2.209886e+00 2.455067e+00 3.093367e+00 2.144171e+00 2.280755e+00 2.709106e+00 2.845755e+00 2.400000e+00 6.360970e+00 
34 3.061450e+00 2.983169e+00 2.209886e+00 2.455067e+00 3.093367e+00 2.144171e+00 2.280755e+00 2.709106e+00 2.845755e+00 2.400000e+00 6.360970e+00 
