3.496196e+00 3.158688e+00 1.803179e+00 3.061401e+00 2.801483e+00 1.765819e+00 2.017747e+00 2.475010e+00 3.275637e+00 3.750844e+00 
2.773374e+00 3.255889e+00 3.131467e+00 2.376601e+00 3.120533e+00 1.841207e+00 2.232642e+00 3.065177e+00 2.986363e+00 3.743289e+00 
3.321315e+00 1.853568e+00 2.958607e+00 3.094389e+00 2.889597e+00 2.888158e+00 2.714699e+00 2.227563e+00 2.747086e+00 2.639661e+00 
3.376651e+00 1.847749e+00 2.043077e+00 1.673874e+00 1.784550e+00 2.999878e+00 2.642243e+00 2.107359e+00 3.262889e+00 2.448225e+00 
3.082619e+00 2.372338e+00 2.824827e+00 2.872320e+00 1.955058e+00 2.432599e+00 2.268379e+00 2.634101e+00 2.841388e+00 3.456561e+00 
2.903628e+00 2.819554e+00 2.648157e+00 1.860179e+00 1.826096e+00 2.447219e+00 3.039616e+00 2.144617e+00 2.624219e+00 2.713337e+00 
3.426394e+00 2.182643e+00 2.409531e+00 2.718523e+00 3.292716e+00 3.230795e+00 2.420823e+00 1.821799e+00 1.861265e+00 2.760512e+00 
3.524789e+00 2.181423e+00 2.902856e+00 1.989640e+00 3.365601e+00 2.194972e+00 1.894893e+00 2.001734e+00 2.678078e+00 3.062604e+00 
2.986825e+00 3.046243e+00 2.536423e+00 2.479558e+00 3.342668e+00 2.085926e+00 2.735800e+00 2.805967e+00 2.265780e+00 3.194950e+00 
2.683440e+00 1.880925e+00 2.449276e+00 2.846668e+00 3.374620e+00 1.820841e+00 2.453235e+00 2.351025e+00 1.620829e+00 2.871972e+00 
2.778401e+00 2.991427e+00 2.097944e+00 2.445653e+00 1.914733e+00 2.623369e+00 1.994457e+00 2.646527e+00 2.806125e+00 3.447412e+00 
3.095596e+00 1.925732e+00 1.966363e+00 3.061340e+00 1.889518e+00 3.003889e+00 2.407514e+00 3.193816e+00 1.736807e+00 3.019750e+00 
2.717318e+00 3.242847e+00 1.607415e+00 2.839857e+00 3.152876e+00 3.076781e+00 1.726654e+00 2.239652e+00 2.054773e+00 3.520096e+00 
3.074555e+00 3.165971e+00 1.890955e+00 2.022085e+00 1.876524e+00 1.831317e+00 2.903938e+00 2.527527e+00 2.562255e+00 2.602937e+00 
3.538334e+00 2.733083e+00 2.161524e+00 2.421199e+00 2.363435e+00 1.729143e+00 1.959874e+00 1.797310e+00 1.921839e+00 2.735934e+00 
3.058994e+00 1.874482e+00 3.044346e+00 3.111660e+00 2.532642e+00 2.431729e+00 2.106579e+00 3.040086e+00 2.246182e+00 2.555684e+00 
3.065174e+00 1.941344e+00 2.557638e+00 2.353479e+00 2.922304e+00 2.789809e+00 2.557796e+00 1.653766e+00 1.720411e+00 2.847440e+00 
2.858258e+00 2.329738e+00 2.913910e+00 1.624646e+00 1.681745e+00 1.887283e+00 2.573673e+00 2.770756e+00 2.733555e+00 3.031293e+00 
3.201710e+00 2.244481e+00 2.791508e+00 1.902328e+00 2.904873e+00 1.911969e+00 2.152727e+00 2.600990e+00 2.965398e+00 2.513576e+00 
3.622325e+00 2.963569e+00 2.378867e+00 2.297374e+00 2.448889e+00 2.120794e+00 2.362763e+00 2.417235e+00 3.030848e+00 3.512764e+00 
3.308750e+00 2.367914e+00 2.898529e+00 2.452521e+00 2.266381e+00 3.196303e+00 2.913914e+00 2.480250e+00 2.689331e+00 3.221863e+00 
2.828517e+00 2.251869e+00 2.353477e+00 1.968781e+00 3.204187e+00 1.931099e+00 1.938883e+00 1.873133e+00 1.998413e+00 3.009978e+00 
2.942213e+00 3.185069e+00 2.288332e+00 1.895706e+00 3.319274e+00 3.265572e+00 2.258305e+00 1.777791e+00 2.051613e+00 2.972208e+00 
3.254386e+00 2.193318e+00 2.564549e+00 2.737945e+00 2.021319e+00 1.799610e+00 2.045014e+00 2.110045e+00 2.342292e+00 3.111002e+00 
2.694067e+00 2.193723e+00 2.881623e+00 1.646752e+00 3.364823e+00 2.841562e+00 2.332913e+00 2.525640e+00 2.015246e+00 3.042388e+00 
3.659397e+00 2.620209e+00 2.433817e+00 1.970551e+00 2.528906e+00 2.660902e+00 2.618703e+00 2.232824e+00 2.243014e+00 3.783175e+00 
2.641513e+00 3.127752e+00 3.061259e+00 2.873894e+00 1.787553e+00 2.045181e+00 2.103035e+00 2.687565e+00 1.838968e+00 3.409718e+00 
2.717438e+00 2.780636e+00 2.390678e+00 2.846483e+00 2.958570e+00 3.136325e+00 2.936384e+00 2.134661e+00 2.822805e+00 2.676934e+00 
2.633595e+00 2.916111e+00 2.400036e+00 2.367875e+00 3.318972e+00 2.636773e+00 2.526500e+00 2.975108e+00 3.009606e+00 3.207410e+00 
2.801215e+00 2.159898e+00 3.018419e+00 1.645879e+00 2.530813e+00 1.885476e+00 3.068021e+00 2.740311e+00 2.475825e+00 3.059524e+00 
2.665581e+00 2.822958e+00 1.667890e+00 1.714313e+00 2.591135e+00 1.764441e+00 2.827223e+00 2.908075e+00 2.864269e+00 2.609812e+00 
3.325566e+00 2.577892e+00 3.156759e+00 2.638386e+00 3.120628e+00 2.371456e+00 2.248587e+00 2.920502e+00 1.746072e+00 2.586439e+00 
2.790727e+00 2.386407e+00 2.930208e+00 2.885383e+00 1.714895e+00 2.278738e+00 2.390314e+00 2.266879e+00 2.749505e+00 3.279163e+00 
3.183951e+00 2.781669e+00 2.252191e+00 2.911970e+00 2.964882e+00 3.246704e+00 2.397001e+00 2.120233e+00 1.784851e+00 3.255342e+00 
3.646794e+00 3.180498e+00 1.684283e+00 2.780573e+00 2.111327e+00 2.318821e+00 2.421806e+00 3.108379e+00 2.331052e+00 3.776273e+00 
2.931600e+00 2.851648e+00 2.666142e+00 2.462602e+00 2.926400e+00 2.733097e+00 1.867199e+00 1.804823e+00 3.348391e+00 2.639569e+00 
2.635861e+00 2.641800e+00 3.010986e+00 2.670680e+00 1.961823e+00 2.227158e+00 2.291089e+00 3.170621e+00 1.873709e+00 3.597732e+00 
3.309241e+00 2.364408e+00 1.905478e+00 2.285205e+00 2.515842e+00 1.805040e+00 2.484261e+00 1.961900e+00 2.273083e+00 3.216181e+00 
2.876987e+00 2.235661e+00 2.587345e+00 2.024449e+00 3.166315e+00 3.270528e+00 2.695373e+00 2.150203e+00 2.622121e+00 2.550877e+00 
3.456682e+00 2.435179e+00 1.745317e+00 2.026354e+00 1.891948e+00 2.077709e+00 2.260128e+00 2.443428e+00 2.400493e+00 3.625520e+00 
